.Random.seed <-
c(403L, 5L, 426516607L, 1163822037L, 1158933996L, -1944027326L, 
-1524006755L, -50087657L, -1241149314L, -456742856L, 313081627L, 
-1659122567L, -1418111800L, -653806346L, 1215505713L, -1813523101L, 
1779775282L, -1781833596L, 1242168519L, 799747997L, -331441388L, 
-867898950L, -1042989051L, -1450723873L, -1425700762L, -1562167312L, 
72565011L, -1166877007L, 722803040L, -1573376258L, 319441545L, 
1337484731L, 25468810L, 585156204L, -1432324113L, -708571099L, 
683876572L, 962479794L, -1827952211L, 1077321063L, 1808730766L, 
-926706840L, 984779627L, -1761331959L, 1575865240L, -2106881338L, 
-1485410271L, -1239141197L, 2099340834L, 774346772L, 1832180887L, 
1035204237L, -925657180L, 499976586L, -414910987L, 434759759L, 
1272430422L, 1376802304L, 1040082755L, 289160929L, -1379460016L, 
-1074273106L, 378847321L, 815784043L, -1833167398L, -1507197284L, 
-160345953L, 2047568629L, 2132342668L, 214865506L, -1256609219L, 
997987511L, -1331803298L, -560468328L, 1761463803L, -262434919L, 
2110646312L, -1735798570L, 1954993489L, 1175569411L, -946787438L, 
1059604772L, 962252775L, -1196698563L, -654220620L, -872189670L, 
1109803621L, -1069570305L, 1110317958L, -1295385328L, -1366461005L, 
1285875281L, 1984382464L, -616840482L, -425832151L, -1261880101L, 
-1143338006L, 230710156L, 92216527L, 1039959173L, -613445828L, 
1117900306L, 1037815053L, -1456990649L, -1392653266L, 267227528L, 
424151179L, 743137897L, 389570104L, -988399898L, -2113842559L, 
1856347667L, 527624642L, 326566516L, 1852662903L, -378376851L, 
2022724100L, -1702301398L, -1219336555L, 376966447L, -1243842506L, 
-609104800L, 848093859L, 1823675841L, -285974096L, -729956146L, 
-1424417223L, 500703307L, 954552826L, 322587900L, -241802945L, 
-2057626091L, 613621036L, -291934718L, 438662365L, 597045207L, 
-1672983874L, 822856952L, 1876832987L, -404428487L, 1360964744L, 
-2062230474L, 2844785L, -1312138589L, -932659214L, -1383361724L, 
-1862878201L, 837147101L, 1672292052L, 55380474L, 1331782981L, 
-361057889L, -1367223514L, -1173115984L, -1917953965L, 1462522737L, 
721167008L, -1325214146L, 122641737L, 795517947L, -1918122038L, 
-1250690772L, 2089391407L, 1308335077L, -178429284L, 1748821746L, 
-1478936723L, 889585831L, 7865038L, 1198665768L, -1489581013L, 
-62751159L, -115165352L, -781360634L, 2031832033L, -1899239053L, 
2102807010L, 1885171028L, -785316777L, 554494029L, 601926628L, 
-1472198198L, 1072042037L, 573165199L, -1973526634L, 606135104L, 
-1807528445L, -364735455L, -1958652144L, -11793170L, 1660884121L, 
-1104281301L, 1622456346L, -143281444L, -179670305L, 952511669L, 
-1259042228L, 1790932642L, 683924989L, -1871153417L, 389029918L, 
-1300843816L, 589846075L, 1218995161L, 174592360L, -1240766314L, 
-547690991L, -1195171901L, 747594706L, 712056420L, 2026401191L, 
404570877L, 106493684L, 699605466L, 998925605L, 1219028031L, 
1739396038L, 1427210320L, 251735155L, 410599569L, 1727783104L, 
343820958L, 492144233L, 1395472027L, 572201898L, 856588236L, 
-1012534641L, -1200432443L, 1648931452L, -682494328L, 2001067834L, 
-57945264L, -180294548L, 282853780L, -1457720238L, 1850687968L, 
-1499521844L, -1352940384L, -2135083646L, 18024680L, -1069025556L, 
-325987012L, -1454060430L, -1042519952L, -1143078876L, -1901605832L, 
492695322L, 1657810128L, -722501828L, 374318996L, -647310462L, 
279415232L, -1110442436L, -1682766448L, -1423819230L, -341580536L, 
-1237815668L, -1914069220L, 1062666386L, -443795072L, 1408263700L, 
826695464L, -1692034502L, -646595120L, 254781804L, 1481262004L, 
2031540242L, -720095776L, -89913396L, -1751621408L, -1904289758L, 
-1773969112L, -90055156L, 727770940L, -1362557966L, -584230160L, 
32099908L, -1395572136L, 1390858042L, 624928240L, 635705020L, 
284555540L, 1281393346L, -1226869664L, 76006268L, -1149184048L, 
2129830178L, 1385855656L, -1691083892L, -342460228L, 372371250L, 
1412852288L, -1985610572L, 1578639944L, 2116036026L, -1089158640L, 
73937644L, 1682694484L, 1881555218L, 717360544L, -281173300L, 
-2040127904L, -1878067262L, -684873944L, -1090818132L, -1332157636L, 
1887611250L, 9960240L, 1406102820L, -172381384L, -1556701478L, 
614492048L, -65237252L, -223712364L, -736419774L, -638397184L, 
-1104886724L, 680509776L, 1843138722L, -2045451960L, -829958388L, 
891142876L, -778572462L, 1841824896L, 2115854420L, -595767320L, 
1203251450L, 1347988304L, 780893996L, -1631753868L, -1661899886L, 
1570236512L, 1658867084L, -1542857888L, 4848098L, -1246268504L, 
-1359760180L, 1267122172L, 1184114098L, -142526992L, 616352708L, 
-428104360L, -1704420998L, -1635171408L, -583743044L, 1467234388L, 
213039042L, 370569248L, -1314359108L, -769306032L, 1068037090L, 
1775681640L, -806796212L, 1463490812L, 2035649522L, -1022490368L, 
2018115956L, 1660627976L, -98385990L, -1630473776L, -575439892L, 
-225222252L, 1245680082L, 2094567776L, 1987415884L, -610871008L, 
-72695934L, -1278480664L, -1378205460L, -1855491012L, -107054222L, 
1132969584L, -1251748828L, 218041144L, 654306458L, -211954992L, 
526696636L, -1549963628L, -135088510L, 1659783360L, -166026436L, 
1972378768L, 11484706L, -1645588472L, -235168500L, -1511838564L, 
246169106L, 1801011072L, -859648492L, -1938937304L, 1173206330L, 
626395600L, 1844196460L, 1801005364L, 1758533266L, -1092433056L, 
513127244L, 2102015968L, -1958291550L, 1432487848L, -2085130868L, 
-622753604L, -1186117262L, -2001611536L, 2130047044L, 573972824L, 
803989050L, -2083406992L, -1999325124L, -251699436L, 876717506L, 
957037280L, 579327868L, 143400656L, -851896158L, 584895528L, 
-1713740532L, -2008881220L, -1631868622L, -1597642304L, -813807052L, 
442555336L, 379615418L, 62466448L, 1224053228L, -1698479532L, 
-1625952110L, -1093390560L, -1052562996L, -1346251296L, 794425026L, 
-985570264L, -2085047636L, 2064049340L, -459920910L, -810929872L, 
1728697508L, -687421768L, 533740890L, -1310591600L, 932959100L, 
-1891604204L, 1306460994L, -1578689792L, 1995552700L, -2092540080L, 
2041119522L, -719708856L, 1466542604L, -716896164L, 967572690L, 
-882042368L, 1189277012L, 1591106024L, -893072390L, -794099504L, 
-1953127050L, -1154201725L, -34415163L, 1309369058L, 1216908112L, 
1637308025L, 1856919979L, 1162931996L, -597936054L, 462613567L, 
1649994889L, 468748446L, -1823144628L, 1878844701L, -725229401L, 
418041808L, -1162524818L, -1424511461L, 1376933757L, 1784028522L, 
1978643464L, 1000930481L, 1542069027L, 883976228L, -1197823278L, 
1201880871L, -460988047L, 991193014L, -1252615340L, -1909873179L, 
-555917329L, -2111209688L, 1848592262L, 339391411L, -462417131L, 
-1072239246L, 1551503808L, -2125757911L, -1400174949L, 1312345964L, 
-719710342L, 1297150127L, -390739015L, 2137628110L, 781732124L, 
1624947853L, -1388678921L, -2124973056L, -72597922L, -517938901L, 
23822893L, -106200422L, 1797733976L, -161726015L, -127922573L, 
-1625961580L, -1829305822L, -952136393L, 1902455809L, 1673220358L, 
-1871104700L, -55158667L, 1085422047L, 695747896L, 880613142L, 
-1422452957L, -1374968603L, -399220478L, 67048304L, -948221159L, 
1161161483L, 282097660L, -1213639638L, 1023965279L, -255053847L, 
197038334L, -971472660L, -1539611587L, 2022021127L, -230824976L, 
-433295474L, 882896315L, 379095965L, 1653248330L, -355583640L, 
1050324817L, -452776893L, 2006742340L, 1713477106L, -1001168953L, 
-1031134831L, 1414206742L, 99921268L, 1038003205L, 1565711439L, 
-2033913784L, -1885739546L, -360940781L, 1116380277L, -2117351854L, 
-143458144L, 1518819721L, 2048973243L, -151063028L, -1064063078L, 
-975497457L, -382792359L, 1417406446L, 373378684L, -297568531L, 
-2049572457L, -867087776L, -268648386L, 1704478987L, -1393194099L, 
1214777530L, 1278512888L, -2021718879L, 1520918611L, 1353960308L, 
-1285785342L, -2043897449L, 2068218721L, 1696061350L, 673345956L, 
-1688737707L, -1527841537L, -1327283816L, 1793612470L, 141669187L, 
-2080706939L, 1495048994L, -704915440L, -889494599L, 1987150955L, 
-1677764772L, -1894175094L, 472185471L, -764648503L, 916799582L, 
-1352916212L, 1354009309L, 1236673511L, 540653584L, 2088850734L, 
